[DEEP]
phyl=46.000000000
PLACON=1.000000000
PLAPOW30=2.158000000
SLA=0.021000000
TBRUE=2.000000000
TP1RUE=14.000000000
TP2RUE=30.000000000
TCRUE=38.000000000
KPAR=0.650000000
IRUE1=1.800000000
IRUE2=1.800000000
FLF1A=0.530000000
FLF1B=0.300000000
WTOPL=180.000000000
FLF2=0.130000000
FRTRL=0.220000000
GCF=1.000000000
PDHI=0.020000000
WDHI1=0.000000000
WDHI2=0.000000000
WDHI3=450.000000000
WDHI4=2000.000000000
DEPORT=200.000000000
EED=1000.000000000
GRTDP=17.000000000
TEC=5.000000000
WSSG=0.300000000
WSSL=0.400000000
WSSD=0.400000000
SLNG=2.300000000
SLNS=0.780000000
SNCG=0.025000000
SNCS=0.007800000
GNC=0.043000000
MXNUP=0.450000000
WSSN=0.500000000
TBD=0.324956648
TP1D=14.000000000
TP2D=17.164185248
TCD=14.000000000
cpp=0.647386041
ppsen=0.100000000
ttSWEM=0.119221000
ttEMR1=0.203569537
ttR1R3=5.000003000
ttR3R5=29.999997000
ttR5R7=17.500731395
ttR7R8=39.789416597
ttBRP=5.000000000
ttTRP=28.000000000
ttWSD=5.000000000
ttR1TLM=9.000000000
ttR1TLP=12.000000000
ttRUE=23.000000000
ttBSG=40.000000000
ttTSG=64.000000000
ttBRG=5.000000000
ttTRG=40.000000000
ttBNF=14.700000000
TRESH=0.750000000
ttDKill=40.000000000
LtFtsw=0.000000000
LtWdDur=2.000000000
vpd_resp=1.000000000
vpd_cr=20.000000000
Pbase=2.559927722
Sbase=15.056242271
Pceil=14.000000000
Sceil=14.000000000
ccpx=14.000000000